1.295061350000205724e+00 5.962307315570099652e+07
1.369407703609736293e+00 5.771001582518021762e+07
1.448022102354759699e+00 5.576673659152907878e+07
1.531149564429097332e+00 5.379685993820730597e+07
1.619049173931076613e+00 5.180435886636370420e+07
1.711994888353238098e+00 4.979354551914535463e+07
1.810276392428082248e+00 4.776905622860886157e+07
1.914200000991045147e+00 4.573583058284410089e+07
2.024089613674661337e+00 4.369908420192481577e+07
2.140287724409422943e+00 4.166427502771836519e+07
2.263156488877650752e+00 3.963706307466460019e+07
2.393078853247319060e+00 3.762326375546190888e+07
2.530459747703775797e+00 3.562879508482713997e+07
2.675727348499242986e+00 3.365961927223670483e+07
2.829334412453536896e+00 3.172167943501980230e+07
2.991759688065267930e+00 2.982083238898785785e+07
3.163509407631528880e+00 2.796277869563030452e+07
3.345118865026587507e+00 2.615299135213943943e+07
3.537154084057051673e+00 2.439664469129101187e+07
3.740213582593285846e+00 2.269854520008923486e+07
3.954930237975368357e+00 2.106306605685783178e+07
4.181973259507509866e+00 1.949408721487166733e+07
4.422050274188626062e+00 1.799494281743160635e+07
4.675909532179683303e+00 1.656837760817177780e+07
4.944342238881608509e+00 1.521651379891299456e+07
5.228185020892183843e+00 1.394082957772693411e+07
5.528322533527580518e+00 1.274215008933398128e+07
5.845690218035431762e+00 1.162065131100334413e+07
6.181277217092862486e+00 1.057587679710399918e+07
6.536129457676251420e+00 9.606766795732956380e+06
6.911352910911103820e+00 8.711698775474201888e+06
7.308117039062077325e+00 7.888537964331501164e+06
7.727658440406390383e+00 7.134696120163639076e+06
8.171284703350639944e+00 6.447196443238624372e+06
8.640378481803187682e+00 5.822742322264361195e+06
9.136401804503858415e+00 5.257787483930792660e+06
9.660900631741878186e+00 4.748605093027980067e+06
1.021550967366402674e+01 4.291353417597054504e+06
1.080195748519023979e+01 3.882135815632547718e+06
1.142207185341607101e+01 3.517052995117756538e+06
1.207778549429293236e+01 3.192245723949555773e+06
1.277114207634104481e+01 2.903926400468859356e+06
1.350430259016925483e+01 2.648398131478368305e+06
1.427955208365360917e+01 2.422060222724664025e+06
1.509930678376634638e+01 2.221399337026412133e+06
1.596612162725194572e+01 2.042966173360215267e+06
1.688269822362111228e+01 1.883338659000475192e+06
1.785189327528111392e+01 1.739074821330045350e+06
1.887672748104552767e+01 1.606662473864746979e+06
1.996039495077299364e+01 1.482479624110817444e+06
2.110627316047774116e+01 1.363481342593767215e+06
2.231793347893907509e+01 1.249318739316470223e+06
2.359915229861810104e+01 1.140292892233782215e+06
2.495392280557357978e+01 1.036661167411936447e+06
2.638646742506036702e+01 9.386331708013891475e+05
2.790125098159966655e+01 8.463675381895253668e+05
2.950299461453716532e+01 7.599696927198554622e+05
3.119669049245993619e+01 6.794906730214401614e+05
3.298761737233256497e+01 6.049271017124897335e+05
3.488135705184578228e+01 5.362223249881537631e+05
3.688381176625478730e+01 4.732687108728578314e+05
3.900122258392832464e+01 4.159110486769872950e+05
4.124018885794173883e+01 3.639509477605348220e+05
4.360768879433924639e+01 3.171520925684573594e+05
4.611110120117061228e+01 2.752461757305999054e+05
4.875822848608768822e+01 2.379393042217549519e+05
5.155732097417745052e+01 2.049186570755418506e+05
5.451710262182344024e+01 1.758591681705774681e+05
5.764679820673799782e+01 1.504300145548435394e+05
6.095616207890878258e+01 1.283007091344948713e+05
6.445550856206781987e+01 1.091466249317063921e+05
6.815574410043581111e+01 9.265381434815005923e+04
7.206840125093364691e+01 7.852302822013240075e+04
7.620567462680466519e+01 6.647288287220308848e+04
8.058045890467408867e+01 5.624216580344171234e+04
8.520638901350189087e+01 4.759130927803590021e+04
9.009788263068692515e+01 4.030309365643681667e+04
9.527018511776982734e+01 3.418266720302362955e+04
1.007394170357866727e+02 2.905698552945346091e+04
1.065226243883645054e+02 2.477378175169751921e+04
1.126378317491518999e+02 2.120017853680507324e+04
1.191040984391677000e+02 1.822104677159335188e+04
1.259415779291558408e+02 1.573720435473435828e+04
1.331715806520861065e+02 1.366353475806685674e+04
1.408166404215699856e+02 1.192709112941289277e+04
1.489005846631972645e+02 1.046524106522464172e+04
1.574486086776843763e+02 9.223904012630266152e+03
1.664873541672920965e+02 8.155943192361211004e+03
1.760449922702551362e+02 7.219803872700340435e+03
1.861513113620181343e+02 6.378546075907587692e+03
1.968378098969301391e+02 5.599501716315954582e+03
2.081377945797565303e+02 4.854871077638454153e+03
2.200864841729807040e+02 4.123589516657790227e+03
2.327211192634342183e+02 3.394589315134991011e+03
2.460810783303636526e+02 2.670925486566429754e+03
2.602080004766858110e+02 1.972974879119451316e+03
2.751459152059496773e+02 1.337405965428710260e+03
2.909413796494807229e+02 8.083032369488552149e+02
3.076436236714040433e+02 4.200969011659412899e+02
