0.000000000000000000e+00 1.900000031639399722e+01 4.999999920901501693e-02 2.106598300657205213e-26
1.000000000000000000e+00 1.874666232356041817e+01 5.064146961215140741e-02 2.027580484456967610e-26
2.000000000000000000e+00 1.849653367208137311e+01 5.129116882104940711e-02 1.951527626147096678e-26
3.000000000000000000e+00 1.824957304060334096e+01 5.194920416627884369e-02 1.878328275606702690e-26
4.000000000000000000e+00 1.800574063461020557e+01 5.261568171560546819e-02 1.807875465692306030e-26
5.000000000000000000e+00 1.776499715110901079e+01 5.329070886327845480e-02 1.740066231931983056e-26
6.000000000000000000e+00 1.752730281917977706e+01 5.397439712405321943e-02 1.674801204657489371e-26
7.000000000000000000e+00 1.729261965127163592e+01 5.466685576280943398e-02 1.611985094182871234e-26
8.000000000000000000e+00 1.706090887763117081e+01 5.536819917399183472e-02 1.551525847911275296e-26
9.000000000000000000e+00 1.683213346698073920e+01 5.607853944406999275e-02 1.493335192799224385e-26
1.000000000000000000e+01 1.660625562553078893e+01 5.679799392154129961e-02 1.437327854529741916e-26
1.100000000000000000e+01 1.638323925420432658e+01 5.752667758732821213e-02 1.383422060032359616e-26
1.200000000000000000e+01 1.616304751060739164e+01 5.826471082026448561e-02 1.331538814152302010e-26
1.300000000000000000e+01 1.594564520439703870e+01 5.901221157047009669e-02 1.281602365167517149e-26
1.400000000000000000e+01 1.573099642062512160e+01 5.976930332536865148e-02 1.233539534720220562e-26
1.500000000000000000e+01 1.551906685480686932e+01 6.053610708095238241e-02 1.187280149055641010e-26
1.600000000000000000e+01 1.530982149609304344e+01 6.131274951350915853e-02 1.142756418293964914e-26
1.700000000000000000e+01 1.510322690355705433e+01 6.209935474355821744e-02 1.099903335914874222e-26
1.800000000000000000e+01 1.489924894768938124e+01 6.289605271859893820e-02 1.058658103736713934e-26
1.900000000000000000e+01 1.469785502938297839e+01 6.370297076436347294e-02 1.018960501985048221e-26
2.000000000000000000e+01 1.449901187828179339e+01 6.452024218403651368e-02 9.807523566133984983e-27
2.100000000000000000e+01 1.430268771590692367e+01 6.534799759133255725e-02 9.439778821218556972e-27
2.200000000000000000e+01 1.410885010942802786e+01 6.618637373177678473e-02 9.085831881015822516e-27
2.300000000000000000e+01 1.391746808033639660e+01 6.703550459197292477e-02 8.745165968100232655e-27
2.400000000000000000e+01 1.372851001224408485e+01 6.789553044867956133e-02 8.417281860509302764e-27
2.500000000000000000e+01 1.354194545699891883e+01 6.876658992822093364e-02 8.101700417019463686e-27
2.600000000000000000e+01 1.335774434253000820e+01 6.964882339058196814e-02 7.797960425697287936e-27
2.700000000000000000e+01 1.317587623873939684e+01 7.054237658108433728e-02 7.505616776924243931e-27
2.800000000000000000e+01 1.299631208004614535e+01 7.144739230455220136e-02 7.224242636672304877e-27
2.900000000000000000e+01 1.281902220237925505e+01 7.236402006994586966e-02 6.953425670906417009e-27
3.000000000000000000e+01 1.264397827183530332e+01 7.329240636979453272e-02 6.692770475461513907e-27
3.100000000000000000e+01 1.247115137108678695e+01 7.423270457388712884e-02 6.441895078460566760e-27
3.200000000000000000e+01 1.230051387948904029e+01 7.518506495768692566e-02 6.200433191267982787e-27
3.300000000000000000e+01 1.213203760766003469e+01 7.614964485151116957e-02 5.968030968451590873e-27
3.400000000000000000e+01 1.196569563025876448e+01 7.712659841144538231e-02 5.744349092987394772e-27
3.500000000000000000e+01 1.180146046752387612e+01 7.811608703060933523e-02 5.529059774801307020e-27
3.600000000000000000e+01 1.163930587191489252e+01 7.911826884592175479e-02 5.321848682430136967e-27
3.700000000000000000e+01 1.147920505542760417e+01 8.013330941822036091e-02 5.122412162575281201e-27
3.800000000000000000e+01 1.132113243125960089e+01 8.116137096805549345e-02 4.930459029526164462e-27
3.900000000000000000e+01 1.116506188574998504e+01 8.220262333160742452e-02 4.745707989451644401e-27
4.000000000000000000e+01 1.101096847620141261e+01 8.325723291851148955e-02 4.567889298059535644e-27
4.100000000000000000e+01 1.085882674632083678e+01 8.432537395069431008e-02 4.396742374549955017e-27
4.200000000000000000e+01 1.070861238130170179e+01 8.540721713505262935e-02 4.232017337213303721e-27
4.300000000000000000e+01 1.056030056567067810e+01 8.650294119251425440e-02 4.073472793079847155e-27
4.400000000000000000e+01 1.041386759670590756e+01 8.761272123820713909e-02 3.920877260444153333e-27
4.500000000000000000e+01 1.026928928362221072e+01 8.873674060823974474e-02 3.774007121273489943e-27
4.600000000000000000e+01 1.012654232949173227e+01 8.987518048166906470e-02 3.632647752362389062e-27
4.700000000000000000e+01 9.985603725139352349e+00 9.102822430337710602e-02 3.496592561627615036e-27
4.800000000000000000e+01 9.846450187451122105e+00 9.219606255666551453e-02 3.365642169745470421e-27
4.900000000000000000e+01 9.709059477351985379e+00 9.337888188172326076e-02 3.239605383633877543e-27
5.000000000000000000e+01 9.573408897841549248e+00 9.457687768077706336e-02 3.118297505237290554e-27
5.100000000000000000e+01 9.439476769676366175e+00 9.579024141369883727e-02 3.001541419949032533e-27
5.200000000000000000e+01 9.307240967215165028e+00 9.701917352866373800e-02 2.889166029928615377e-27
5.300000000000000000e+01 9.176680356953294648e+00 9.826387042968706687e-02 2.781007262378251096e-27
5.400000000000000000e+01 9.047773370225588252e+00 9.952453774119593422e-02 2.676906618222598617e-27
5.500000000000000000e+01 8.920499405528120818e+00 1.008013769390236347e-01 2.576712106141004523e-27
5.600000000000000000e+01 8.794837437150897941e+00 1.020945989575175600e-01 2.480276898115009604e-27
5.700000000000000000e+01 8.670767382198473427e+00 1.034044104753006760e-01 2.387460194683229454e-27
5.800000000000000000e+01 8.548268744248034068e+00 1.047310278737608180e-01 2.298125979487476371e-27
5.900000000000000000e+01 8.427321945957530147e+00 1.060746631686640962e-01 2.212143820814685284e-27
6.000000000000000000e+01 8.307907006867401023e+00 1.074355383290998833e-01 2.129387717851859813e-27
6.100000000000000000e+01 8.190004842462512258e+00 1.088138708458008252e-01 2.049736843206573917e-27
6.200000000000000000e+01 8.073595975258051283e+00 1.102098884198511181e-01 1.973074474117785713e-27
6.300000000000000000e+01 7.958661801159720994e+00 1.116238141583319327e-01 1.899288680300929981e-27
6.400000000000000000e+01 7.845183332995880221e+00 1.130558816423421764e-01 1.828271333858870850e-27
6.500000000000000000e+01 7.733142285177027730e+00 1.145063217047687376e-01 1.759918656238509902e-27
6.600000000000000000e+01 7.622520597968669875e+00 1.159753680652945429e-01 1.694130752242422667e-27
6.700000000000000000e+01 7.513299996623723942e+00 1.174632634109673557e-01 1.630811214319120612e-27
6.800000000000000000e+01 7.405463025853661563e+00 1.189702455324808950e-01 1.569867593278974692e-27
6.900000000000000000e+01 7.298991870947670435e+00 1.204965633838859240e-01 1.511210580526839698e-27
7.000000000000000000e+01 7.193869516024983923e+00 1.220424608964386787e-01 1.454754534356012760e-27
7.100000000000000000e+01 7.090078594830425018e+00 1.236081934530279813e-01 1.400416722397058549e-27
7.200000000000000000e+01 6.987602519829636094e+00 1.251940112840427832e-01 1.348117809158168989e-27
7.300000000000000000e+01 6.886424361933937810e+00 1.268001763672245985e-01 1.297781154256163314e-27
7.400000000000000000e+01 6.786527951172486084e+00 1.284269453947598227e-01 1.249333264056895345e-27
7.500000000000000000e+01 6.687896784618174273e+00 1.300745871095440043e-01 1.202703141580904667e-27
7.600000000000000000e+01 6.590515099352184158e+00 1.317433648324269069e-01 1.157822704887336495e-27
7.700000000000000000e+01 6.494366807881080561e+00 1.334335542461571877e-01 1.114626184849224407e-27
7.800000000000000000e+01 6.399436544091232193e+00 1.351454254714222758e-01 1.073050512729747147e-27
7.900000000000000000e+01 6.305708625465001660e+00 1.368792613100349165e-01 1.033034762302244204e-27
8.000000000000000000e+01 6.213168072705049561e+00 1.386353388581148816e-01 9.945205088873698006e-28
8.100000000000000000e+01 6.121799598074954218e+00 1.404139482203772271e-01 9.574513125524969812e-28
8.200000000000000000e+01 6.031588599356193292e+00 1.422153736485037290e-01 9.217730507112339900e-28
8.300000000000000000e+01 5.942520173655607252e+00 1.440399127386974010e-01 8.874334393773676298e-28
8.400000000000000000e+01 5.854580086341172773e+00 1.458878570829826582e-01 8.543823412734613748e-28
8.500000000000000000e+01 5.767753809675201460e+00 1.477595119625062237e-01 8.225713223371918202e-28
8.600000000000000000e+01 5.682027352724623448e+00 1.496551790666115767e-01 7.919538967213246636e-28
8.700000000000000000e+01 5.597386897365796976e+00 1.515751638575690841e-01 7.624853180621028880e-28
8.800000000000000000e+01 5.513818460961563694e+00 1.535197835176359826e-01 7.341224022277684456e-28
8.900000000000000000e+01 5.431308687870659568e+00 1.554893488297309223e-01 7.068237381677887806e-28
9.000000000000000000e+01 5.349843947445492631e+00 1.574841851668330461e-01 6.805493216078081294e-28
9.100000000000000000e+01 5.269411220250782790e+00 1.595046113373304875e-01 6.552607907941100122e-28
9.200000000000000000e+01 5.189997218767755882e+00 1.615509611164365200e-01 6.309210871613927433e-28
9.300000000000000000e+01 5.111589251303699122e+00 1.636235615452533987e-01 6.074946737182208878e-28
9.400000000000000000e+01 5.034174364830950488e+00 1.657227550182029385e-01 5.849472207014774515e-28
9.500000000000000000e+01 4.957740187148993449e+00 1.678488770216980952e-01 5.632458078810389868e-28
9.600000000000000000e+01 4.882274091301032293e+00 1.700022787919461820e-01 5.423586333610145559e-28
9.700000000000000000e+01 4.807764016536054008e+00 1.721833044787576816e-01 5.222552009877444681e-28
9.800000000000000000e+01 4.734197653759832924e+00 1.743923143884504867e-01 5.029060505934175918e-28
9.900000000000000000e+01 4.661563245830651958e+00 1.766296615579505402e-01 4.842829316043148250e-28
1.000000000000000000e+02 4.589848793515196590e+00 1.788957155979073177e-01 4.663585531478926752e-28
1.010000000000000000e+02 4.519042835638176214e+00 1.811908386618579780e-01 4.491067448774097046e-28
1.020000000000000000e+02 4.449133675026964774e+00 1.835154099050527732e-01 4.325022254798430127e-28
1.030000000000000000e+02 4.380110139022230342e+00 1.858698008330620932e-01 4.165207516582097872e-28
1.040000000000000000e+02 4.311960824908156908e+00 1.882544003922110853e-01 4.011389036853773488e-28
1.050000000000000000e+02 4.244674841278481381e+00 1.906695896816040792e-01 3.863342234160903990e-28
1.060000000000000000e+02 4.178241072461728933e+00 1.931157676914800891e-01 3.720850156314921759e-28
1.070000000000000000e+02 4.112648813514087287e+00 1.955933287177352431e-01 3.583704577827164833e-28
1.080000000000000000e+02 4.047887491714178942e+00 1.981026719873300035e-01 3.451705064930938521e-28
1.090000000000000000e+02 3.983946408465675937e+00 2.006442120447786415e-01 3.324658181613500332e-28
1.100000000000000000e+02 3.920815344908368694e+00 2.032183550709158182e-01 3.202378434079515009e-28
1.110000000000000000e+02 3.858483871765247208e+00 2.058255263152015124e-01 3.084686629949535819e-28
1.120000000000000000e+02 3.796942027418852561e+00 2.084661424474378855e-01 2.971410934237460929e-28
1.130000000000000000e+02 3.736179645131827876e+00 2.111406396984685796e-01 2.862385349369225240e-28
1.140000000000000000e+02 3.676187014053819979e+00 2.138494454979234793e-01 2.757450693403500446e-28
1.150000000000000000e+02 3.616954223378122002e+00 2.165930073416067747e-01 2.656453191973978109e-28
1.160000000000000000e+02 3.558471806708840113e+00 2.193717636968314511e-01 2.559245384478948531e-28
1.170000000000000000e+02 3.500730102727293236e+00 2.221861736152614675e-01 2.465684819705698454e-28
1.180000000000000000e+02 3.443719883338310694e+00 2.250366868869235759e-01 2.375634895292952943e-28
1.190000000000000000e+02 3.387431730430790822e+00 2.279237744177531610e-01 2.288963649402791716e-28
1.200000000000000000e+02 3.331856648211470429e+00 2.308478976128811588e-01 2.205544538369394315e-28
1.210000000000000000e+02 3.276985455654480184e+00 2.338095395386319553e-01 2.125255317346006490e-28
1.220000000000000000e+02 3.222809383420644380e+00 2.368091735151824362e-01 2.047978760691643730e-28
1.230000000000000000e+02 3.169319481601109878e+00 2.398472950832681305e-01 1.973601625041468774e-28
1.240000000000000000e+02 3.116507201610180466e+00 2.429243897857989443e-01 1.902015316647894228e-28
1.250000000000000000e+02 3.064363818838027775e+00 2.460409659600534538e-01 1.833114930805148236e-28
1.260000000000000000e+02 3.012880999895342526e+00 2.491975216873065502e-01 1.766799870050810223e-28
1.270000000000000000e+02 2.962050239799796092e+00 2.523945784318298857e-01 1.702972954322201038e-28
1.280000000000000000e+02 2.911863347830902171e+00 2.556326515225774143e-01 1.641540912534223844e-28
1.290000000000000000e+02 2.862312234436117375e+00 2.589122627332060000e-01 1.582413963771838775e-28
1.300000000000000000e+02 2.813388713751641568e+00 2.622339538568026485e-01 1.525505461645498395e-28
1.310000000000000000e+02 2.765084966976264713e+00 2.655982557554600887e-01 1.470732317347584646e-28
1.320000000000000000e+02 2.717393014311655808e+00 2.690057242132006809e-01 1.418014264683128048e-28
1.330000000000000000e+02 2.670305233781879561e+00 2.724569038007775834e-01 1.367274333077040684e-28
1.340000000000000000e+02 2.623813846466714228e+00 2.759523646544423392e-01 1.318438166724206038e-28
1.350000000000000000e+02 2.577911422260759089e+00 2.794926654076121397e-01 1.271434462766892264e-28
1.360000000000000000e+02 2.532590378065128434e+00 2.830783909193910763e-01 1.226194340579113992e-28
1.370000000000000000e+02 2.487843470814933511e+00 2.867101142490062204e-01 1.182651747678934788e-28
1.380000000000000000e+02 2.443663308303152704e+00 2.903884353586079214e-01 1.140742875455468689e-28
1.390000000000000000e+02 2.400042829796968036e+00 2.941139421057570869e-01 1.100406535191887529e-28
1.400000000000000000e+02 2.356974829175841890e+00 2.978872499456620138e-01 1.061583616815300029e-28
1.410000000000000000e+02 2.314452423449127494e+00 3.017089619163600411e-01 1.024217437231341328e-28
1.420000000000000000e+02 2.272468587898349490e+00 3.055797093662010466e-01 9.882532389289301166e-29
1.430000000000000000e+02 2.231016612800666099e+00 3.095001109057107236e-01 9.536385126652945598e-29
1.440000000000000000e+02 2.190089650273175703e+00 3.134708141867948439e-01 9.203225329908985791e-29
1.450000000000000000e+02 2.149681159499114091e+00 3.174924537946017256e-01 8.882566571735935208e-29
1.460000000000000000e+02 2.109784464979604479e+00 3.215656941056069251e-01 8.573938949251038816e-29
1.470000000000000000e+02 2.070393190552038742e+00 3.256911860920997936e-01 8.276891853139498376e-29
1.480000000000000000e+02 2.031500828762087707e+00 3.298696112870104780e-01 7.990989981750517949e-29
1.490000000000000000e+02 1.993101112607963188e+00 3.341016432046544637e-01 7.715815543037097290e-29
1.500000000000000000e+02 1.955187852494944867e+00 3.383879637823161146e-01 7.450966378578572234e-29
1.510000000000000000e+02 1.917754785137261386e+00 3.427292811218734525e-01 7.196054370530963950e-29
1.520000000000000000e+02 1.880795928101348657e+00 3.471262890388323585e-01 6.950707336636725194e-29
1.530000000000000000e+02 1.844305175769204386e+00 3.515797139206637278e-01 6.714565738054112313e-29
1.540000000000000000e+02 1.808276696305048503e+00 3.560902674995438666e-01 6.487284798113181041e-29
1.550000000000000000e+02 1.772704537789626222e+00 3.606586949207327142e-01 6.268531452563673076e-29
1.560000000000000000e+02 1.737583015193897129e+00 3.652857262957456275e-01 6.057986312316731008e-29
1.570000000000000000e+02 1.702906326428246686e+00 3.699721260120210076e-01 5.855340838260814142e-29
1.580000000000000000e+02 1.668668929574750770e+00 3.747186430350312736e-01 5.660299159477160099e-29
1.590000000000000000e+02 1.634865168601725927e+00 3.795260614912912001e-01 5.472575456087865428e-29
1.600000000000000000e+02 1.601489641099788308e+00 3.843951496871025886e-01 5.291895643587207973e-29
1.610000000000000000e+02 1.568536833418412879e+00 3.893267119977876778e-01 5.117994948403325703e-29
1.620000000000000000e+02 1.536001479144862181e+00 3.943215365699231367e-01 4.950619468204112443e-29
1.630000000000000000e+02 1.503878203425565552e+00 3.993804485505309532e-01 4.789523925982022368e-29
1.640000000000000000e+02 1.472161872420939766e+00 4.045042564388065531e-01 4.634473115467074170e-29
1.650000000000000000e+02 1.440847246580385654e+00 4.096938066898675457e-01 4.485239820589277106e-29
1.660000000000000000e+02 1.409929321300169569e+00 4.149499286811011989e-01 4.341606154458908199e-29
1.670000000000000000e+02 1.379402988926637708e+00 4.202734907259680908e-01 4.203361632028988086e-29
1.680000000000000000e+02 1.349263330535593663e+00 4.256653509217360742e-01 4.070304234817693372e-29
1.690000000000000000e+02 1.319505487959081957e+00 4.311263780970371884e-01 3.942239503801240597e-29
1.700000000000000000e+02 1.290124545189577976e+00 4.366574744157503685e-01 3.818979769113297187e-29
1.710000000000000000e+02 1.261115806658414051e+00 4.422595238400673368e-01 3.700345066354880774e-29
1.720000000000000000e+02 1.232474480110354875e+00 4.479334518307991342e-01 3.586161544703582272e-29
1.730000000000000000e+02 1.204195988179840526e+00 4.536801651770405175e-01 3.476262491413340289e-29
1.740000000000000000e+02 1.176275659248666727e+00 4.595006132381401209e-01 3.370486857142339593e-29
1.750000000000000000e+02 1.148709031178814843e+00 4.653957262195638767e-01 3.268680205013862521e-29
1.760000000000000000e+02 1.121491549952275069e+00 4.713664779963398499e-01 3.170693344531472470e-29
1.770000000000000000e+02 1.094618865757912562e+00 4.774138227949943358e-01 3.076383210755927622e-29
1.780000000000000000e+02 1.068086539217523612e+00 4.835387596393126430e-01 2.985611598811773725e-29
1.790000000000000000e+02 1.041890330019209276e+00 4.897422673971879581e-01 2.898245978326214882e-29
1.800000000000000000e+02 1.016025910538708388e+00 4.960253708905889014e-01 2.814158321120159658e-29
1.810000000000000000e+02 9.904891472069012881e-01 5.023890742650982677e-01 2.733225855675968121e-29
1.820000000000000000e+02 9.652758213402468090e-01 5.088344288070649757e-01 2.655329981151308362e-29
1.830000000000000000e+02 9.403819034253337872e-01 5.153624645925173331e-01 2.580356966291785254e-29
1.840000000000000000e+02 9.158032809769423022e-01 5.219742600555842271e-01 2.508196943411231794e-29
1.850000000000000000e+02 8.915360259179363478e-01 5.286708718723523992e-01 2.438744555839988133e-29
1.860000000000000000e+02 8.675761292880515008e-01 5.354534063257786469e-01 2.371898025983336011e-29
1.870000000000000000e+02 8.439197618929434874e-01 5.423229473789105137e-01 2.307559755095015273e-29
1.880000000000000000e+02 8.205630156912329110e-01 5.492806298826844458e-01 2.245635459959011416e-29
1.890000000000000000e+02 7.975021270449358379e-01 5.563275753358821740e-01 2.186034649813949490e-29
1.900000000000000000e+02 7.747333788027566115e-01 5.634649192627484426e-01 2.128670220029793276e-29
1.910000000000000000e+02 7.522530095583579435e-01 5.706938407553612258e-01 2.073458107064737689e-29
1.920000000000000000e+02 7.300574265707457933e-01 5.780154951169234057e-01 2.020317698910715462e-29
1.930000000000000000e+02 7.081429631207125652e-01 5.854310918876707293e-01 1.969171122032869533e-29
1.940000000000000000e+02 6.865061169085282522e-01 5.929418162046532492e-01 1.919943700276887310e-29
1.950000000000000000e+02 6.651433135185229606e-01 6.005489088425397526e-01 1.872563294314576085e-29
1.960000000000000000e+02 6.440511388155198969e-01 6.082535855426396409e-01 1.826960726759627804e-29
1.970000000000000000e+02 6.232261083638013233e-01 6.160571191206331010e-01 1.783069170253023118e-29
1.980000000000000000e+02 6.026648939733474375e-01 6.239607567123949261e-01 1.740824541275457402e-29
1.990000000000000000e+02 5.823640989232967691e-01 6.319658040020242895e-01 1.700164933290988826e-29
2.000000000000000000e+02 5.623204788052624803e-01 6.400735403306752058e-01 1.661030981561146967e-29
2.010000000000000000e+02 5.425307224051654220e-01 6.482853050996395528e-01 1.623365338028964071e-29
2.020000000000000000e+02 5.229916669871830237e-01 6.566024106870018695e-01 1.587113009270034881e-29
2.030000000000000000e+02 5.037000846915309360e-01 6.650262310819381462e-01 1.552220870043421124e-29
2.040000000000000000e+02 4.846528923989850135e-01 6.735581125525874624e-01 1.518637976357702959e-29
2.050000000000000000e+02 4.658469435057428498e-01 6.821994645691890069e-01 1.486315114841497574e-29
2.060000000000000000e+02 4.472792325049670392e-01 6.909516681650913483e-01 1.455205092756956993e-29
2.070000000000000000e+02 4.289466920033553343e-01 6.998161692078376239e-01 1.425262320552298908e-29
2.080000000000000000e+02 4.108463921526916973e-01 7.087943843937426491e-01 1.396443080520216815e-29
2.090000000000000000e+02 3.929753427761828455e-01 7.178877969275552218e-01 1.368705140089090494e-29
2.100000000000000000e+02 3.753306641850366887e-01 7.270978725632922801e-01 1.342007965453194663e-29
2.110000000000000000e+02 3.579095122590254530e-01 7.364260953856893721e-01 1.316312539567056841e-29
2.120000000000000000e+02 3.407090090168669594e-01 7.458740064208961851e-01 1.291581207589232300e-29
2.130000000000000000e+02 3.237264055289303943e-01 7.554431156039552731e-01 1.267777860734420086e-29
2.140000000000000000e+02 3.069588962623115425e-01 7.651350037555398886e-01 1.244867616870070654e-29
2.150000000000000000e+02 2.904038014871002105e-01 7.749512198023361664e-01 1.222817026076160043e-29
2.160000000000000000e+02 2.740583862950012328e-01 7.848933853871713495e-01 1.201593774761004835e-29
2.170000000000000000e+02 2.579200384138347069e-01 7.949630894352734956e-01 1.181166876084686759e-29
2.180000000000000000e+02 2.419860917820597646e-01 8.051619954657891487e-01 1.161506395862251276e-29
2.190000000000000000e+02 2.262539998870904956e-01 8.154917334353868341e-01 1.142583628965330145e-29
2.200000000000000000e+02 2.107211637810375571e-01 8.259540098209210424e-01 1.124370845408420875e-29
2.210000000000000000e+02 1.953851010555220924e-01 8.365504966700709755e-01 1.106841453761203027e-29
2.220000000000000000e+02 1.802432781868332778e-01 8.472829445267124893e-01 1.089969765931714587e-29
2.230000000000000000e+02 1.652932752570797081e-01 8.581530686164702271e-01 1.073731148545820935e-29
2.240000000000000000e+02 1.505326225197836099e-01 8.691626646882016916e-01 1.058101805050560051e-29
2.250000000000000000e+02 1.359589609744515926e-01 8.803134922604748391e-01 1.043058915946802212e-29
2.260000000000000000e+02 1.215698830463529667e-01 8.916073934544757051e-01 1.028580436937377004e-29
2.270000000000000000e+02 1.073630891188961378e-01 9.030461732255112839e-01 1.014645228833727044e-29
2.280000000000000000e+02 9.333623222402764874e-02 9.146317212645863615e-01 1.001232870567371541e-29
2.290000000000000000e+02 7.948707063416815544e-02 9.263658891370771808e-01 9.883237795308960725e-30
2.300000000000000000e+02 6.581331646226962206e-02 9.382506153322213160e-01 9.758990383582933347e-30
2.310000000000000000e+02 5.231276635945247833e-02 9.502878155318480458e-01 9.639404906170008267e-30
2.320000000000000000e+02 3.898324419156429244e-02 9.624794293753049512e-01 9.524306592815475823e-30
2.330000000000000000e+02 2.582254791620264278e-02 9.748274709220837719e-01 9.413526775027213537e-30
2.340000000000000000e+02 1.282857423281535958e-02 9.873339135968467462e-01 9.306903709609973827e-30
2.350000000000000000e+02 4.440892098500626162e-16 9.999999999999995559e-01 9.204287651105118890e-30
2.360000000000000000e+02 -1.266770638896108636e-02 1.012830236052171040e+00 9.105509173278782102e-30
2.370000000000000000e+02 -2.517413726454609257e-02 1.025824240232922291e+00 9.010443272547425874e-30
2.380000000000000000e+02 -3.752215088096599871e-02 1.038984950059173240e+00 8.918944370821181256e-30
2.390000000000000000e+02 -4.971375320895710104e-02 1.052314503526523781e+00 8.830878634460609077e-30
2.400000000000000000e+02 -6.175092583504904198e-02 1.065815067166474783e+00 8.746117243945758022e-30
2.410000000000000000e+02 -7.363562490349495615e-02 1.079488834936926267e+00 8.664536215739786983e-30
2.420000000000000000e+02 -8.536978178028109543e-02 1.093338028942941520e+00 8.586016218336285116e-30
2.430000000000000000e+02 -9.090909090909093937e-02 1.100000000000000089e+00 8.549642200481884968e-30
