3.222857250000000000e+06 2.405398786067962646e-01
1.047428600000000000e+07 3.608695268630981445e-01
2.497143000000000000e+07 4.882682859897613525e-01
3.948571600000000000e+07 5.761373043060302734e-01
5.398571600000000000e+07 6.476507186889648438e-01
6.848571200000000000e+07 7.100949287414550781e-01
7.694285600000000000e+07 7.476661205291748047e-01
8.620000000000000000e+07 7.864826321601867676e-01
8.862857600000000000e+07 8.039820790290832520e-01
9.950000000000000000e+07 8.463132381439208984e-01
1.051428560000000000e+08 8.730752468109130859e-01
1.132000000000000000e+08 9.063072800636291504e-01
1.264857200000000000e+08 9.525226354598999023e-01
1.405857120000000000e+08 9.993324875831604004e-01
1.438571520000000000e+08 1.019940495491027832e+00
1.724285760000000000e+08 1.097325444221496582e+00
2.087142880000000000e+08 1.184452772140502930e+00
2.300000000000000000e+08 1.239112734794616699e+00
2.445714400000000000e+08 1.280966997146606445e+00
2.997143040000000000e+08 1.388373374938964844e+00
3.214285760000000000e+08 1.439349651336669922e+00
3.690000000000000000e+08 1.526445031166076660e+00
4.285714240000000000e+08 1.625103235244750977e+00
4.902857280000000000e+08 1.721434235572814941e+00
2.727143040000000000e+08 1.433872938156127930e+00
7.202857600000000000e+08 2.007444620132446289e+00
7.822857600000000000e+08 2.089926242828369141e+00
8.842857600000000000e+08 2.204992294311523438e+00
9.684286720000000000e+08 2.301966905593872070e+00
1.076285696000000000e+09 2.415011644363403320e+00
1.182285696000000000e+09 2.523776769638061523e+00
1.380571520000000000e+09 2.691719293594360352e+00
1.510000000000000000e+09 2.808895826339721680e+00
1.641428480000000000e+09 2.925165176391601562e+00
1.777142912000000000e+09 3.042170047760009766e+00
1.898571392000000000e+09 3.149811029434204102e+00
2.062857216000000000e+09 3.279678344726562500e+00
2.211428608000000000e+09 3.399630546569824219e+00
2.480000000000000000e+09 3.577313899993896484e+00
2.680000000000000000e+09 3.718065261840820312e+00
2.900000000000000000e+09 3.866073846817016602e+00
3.097143040000000000e+09 4.002424716949462891e+00
3.364285952000000000e+09 4.167083263397216797e+00
3.624285696000000000e+09 4.326535224914550781e+00
3.821428736000000000e+09 4.460046768188476562e+00
3.057143040000000000e+09 4.193409442901611328e+00
4.227143168000000000e+09 4.731607437133789062e+00
4.424285696000000000e+09 4.865620613098144531e+00
4.664285696000000000e+09 5.015522480010986328e+00
4.930000384000000000e+09 5.174485206604003906e+00
5.135714304000000000e+09 5.312699317932128906e+00
5.318571520000000000e+09 5.443896770477294922e+00
5.530000384000000000e+09 5.585767745971679688e+00
5.761428480000000000e+09 5.735183238983154297e+00
6.085714432000000000e+09 5.915664672851562500e+00
6.529999872000000000e+09 6.133846759796142578e+00
6.939999744000000000e+09 6.339820384979248047e+00
7.281428480000000000e+09 6.524655342102050781e+00
7.728571392000000000e+09 6.740825176239013672e+00
8.132857856000000000e+09 6.944196224212646484e+00
8.438571520000000000e+09 7.120183467864990234e+00
8.707142656000000000e+09 7.287082672119140625e+00
9.017143296000000000e+09 7.466974735260009766e+00
9.350000640000000000e+09 7.654528141021728516e+00
9.654286336000000000e+09 7.835747241973876953e+00
9.954285568000000000e+09 8.017441749572753906e+00
1.034285772800000000e+10 8.224400520324707031e+00
1.069714329600000000e+10 8.423731803894042969e+00
1.088571392000000000e+10 8.581402778625488281e+00
1.109142835200000000e+10 8.745650291442871094e+00
1.125857177600000000e+10 8.901854515075683594e+00
1.158285824000000000e+10 9.101518630981445312e+00
1.178142924800000000e+10 9.270361900329589844e+00
1.196285747200000000e+10 9.436925888061523438e+00
1.214285721600000000e+10 9.605356216430664062e+00
1.239000064000000000e+10 9.793786048889160156e+00
1.255571456000000000e+10 9.963082313537597656e+00
1.279714304000000000e+10 1.015476799011230469e+01
1.299714355200000000e+10 1.033792495727539062e+01
1.316714393600000000e+10 1.051555824279785156e+01
1.320571494400000000e+10 1.066038322448730469e+01
1.319857152000000000e+10 1.079470443725585938e+01
1.325285683200000000e+10 1.094763851165771484e+01
1.339428556800000000e+10 1.112683963775634766e+01
1.396142796800000000e+10 1.142586517333984375e+01
1.455714304000000000e+10 1.173412895202636719e+01
1.511428608000000000e+10 1.203372573852539062e+01
1.572857139200000000e+10 1.235032749176025391e+01
1.640000102400000000e+10 1.268353271484375000e+01
1.678571417600000000e+10 1.294537734985351562e+01
1.855714304000000000e+10 1.355647087097167969e+01
1.972857241600000000e+10 1.401248645782470703e+01
2.088571494400000000e+10 1.446346664428710938e+01
2.247142809600000000e+10 1.500966167449951172e+01
2.594285977600000000e+10 1.594667816162109375e+01
3.564285542400000000e+10 1.795384216308593750e+01
4.097142784000000000e+10 1.904705810546875000e+01
4.417142784000000000e+10 1.977945709228515625e+01
4.640000000000000000e+10 2.036282920837402344e+01
4.834285977600000000e+10 2.090609931945800781e+01
5.058571878400000000e+10 2.149480438232421875e+01
5.274286080000000000e+10 2.207356452941894531e+01
5.505714585600000000e+10 2.267676925659179688e+01
5.724285747200000000e+10 2.326523590087890625e+01
5.984285900800000000e+10 2.391258049011230469e+01
6.232856985600000000e+10 2.454736518859863281e+01
6.487143219200000000e+10 2.519292449951171875e+01
6.865714380800000000e+10 2.599993896484375000e+01
7.117143244800000000e+10 2.664771080017089844e+01
7.272856780800000000e+10 2.718140411376953125e+01
7.395714662400000000e+10 2.768047904968261719e+01
7.540000358400000000e+10 2.821272850036621094e+01
7.668572160000000000e+10 2.873193359375000000e+01
7.792857088000000000e+10 2.925242614746093750e+01
7.997142630400000000e+10 2.987962150573730469e+01
8.261428838400000000e+10 3.058766746520996094e+01
8.624286105600000000e+10 3.142178344726562500e+01
8.914286182400000000e+10 3.217197036743164062e+01
9.217142784000000000e+10 3.294354629516601562e+01
9.450000384000000000e+10 3.363839721679687500e+01
9.628571238400000000e+10 3.427640533447265625e+01
9.937143398400000000e+10 3.507587814331054688e+01
1.022714347520000000e+11 3.586049270629882812e+01
1.049285672960000000e+11 3.662429809570312500e+01
1.074142904320000000e+11 3.737619400024414062e+01
1.098714316800000000e+11 3.813308715820312500e+01
1.129857187840000000e+11 3.897417831420898438e+01
1.171428638720000000e+11 3.994224929809570312e+01
1.203714375680000000e+11 4.081211090087890625e+01
1.238000025600000000e+11 4.171297836303710938e+01
1.295857172480000000e+11 4.288400650024414062e+01
1.337000099840000000e+11 4.387605285644531250e+01
1.379142860800000000e+11 4.488723373413085938e+01
1.434285670400000000e+11 4.604644393920898438e+01
1.485714227200000000e+11 4.717248535156250000e+01
1.522857082880000000e+11 4.815605163574218750e+01
1.570000076800000000e+11 4.925456237792968750e+01
1.632857292800000000e+11 5.052494430541992188e+01
1.685714370560000000e+11 5.169976043701171875e+01
1.759999918080000000e+11 5.310020828247070312e+01
1.814285844480000000e+11 5.430658721923828125e+01
1.875714375680000000e+11 5.559364318847656250e+01
1.970000035840000000e+11 5.720982742309570312e+01
2.042857062400000000e+11 5.862283325195312500e+01
2.100000030720000000e+11 5.989525985717773438e+01
2.139999928320000000e+11 6.101667785644531250e+01
2.247142932480000000e+11 6.278242111206054688e+01
2.318571438080000000e+11 6.422106170654296875e+01
2.384285859840000000e+11 6.561829376220703125e+01
2.460000092160000000e+11 6.711875915527343750e+01
2.554285752320000000e+11 6.879765319824218750e+01
2.567143096320000000e+11 6.975521850585937500e+01
2.560000000000000000e+11 7.054084014892578125e+01
2.602857103360000000e+11 7.179629516601562500e+01
2.657142865920000000e+11 7.317095947265625000e+01
2.714285834240000000e+11 7.458606719970703125e+01
2.771428638720000000e+11 7.601554870605468750e+01
2.871428382720000000e+11 7.784883117675781250e+01
3.152857333760000000e+11 8.128215026855468750e+01
3.684285808640000000e+11 8.664459228515625000e+01
3.940000071680000000e+11 8.966875457763671875e+01
4.152857395200000000e+11 9.234892272949218750e+01
4.298571448320000000e+11 9.453356933593750000e+01
4.392857108480000000e+11 9.635553741455078125e+01
4.472857231360000000e+11 9.809037017822265625e+01
4.538571816960000000e+11 9.973829650878906250e+01
4.625714380800000000e+11 1.015607986450195312e+02
4.767143034880000000e+11 1.037966232299804688e+02
4.885714370560000000e+11 1.058822784423828125e+02
4.985714442240000000e+11 1.078513412475585938e+02
5.087143198720000000e+11 1.098488693237304688e+02
5.131428823040000000e+11 1.114525222778320312e+02
5.164285624320000000e+11 1.129894943237304688e+02
5.267143065600000000e+11 1.150539321899414062e+02
5.268571750400000000e+11 1.163946685791015625e+02
5.257143255040000000e+11 1.176507263183593750e+02
5.247142789120000000e+11 1.189263305664062500e+02
5.247142789120000000e+11 1.202873077392578125e+02
5.237142978560000000e+11 1.215816040039062500e+02
5.229999882240000000e+11 1.229069595336914062e+02
5.184285900800000000e+11 1.239348220825195312e+02
5.141428633600000000e+11 1.249857940673828125e+02
5.144286003200000000e+11 1.264127655029296875e+02
5.159999897600000000e+11 1.279566192626953125e+02
5.180000174080000000e+11 1.295487060546875000e+02
5.170000363520000000e+11 1.309010620117187500e+02
5.124285726720000000e+11 1.319552154541015625e+02
5.088571555840000000e+11 1.330950622558593750e+02
5.145714688000000000e+11 1.350531921386718750e+02
5.178571489280000000e+11 1.368139953613281250e+02
5.240000348160000000e+11 1.388415374755859375e+02
5.305714606080000000e+11 1.409232177734375000e+02
5.338571735040000000e+11 1.427288818359375000e+02
5.371428536320000000e+11 1.445479736328125000e+02
5.421428899840000000e+11 1.465348968505859375e+02
5.449999974400000000e+11 1.483423156738281250e+02
5.481428746240000000e+11 1.501881256103515625e+02
5.521428971520000000e+11 1.521250610351562500e+02
5.577142435840000000e+11 1.542200622558593750e+02
5.624285757440000000e+11 1.562499084472656250e+02
5.714285690880000000e+11 1.586906890869140625e+02
5.807142993920000000e+11 1.611725769042968750e+02
5.862857113600000000e+11 1.633246765136718750e+02
5.930000056320000000e+11 1.655962371826171875e+02
6.014285905920000000e+11 1.680409088134765625e+02
6.100000440320000000e+11 1.705123596191406250e+02
6.157143244800000000e+11 1.727301940917968750e+02
6.224286187520000000e+11 1.750534973144531250e+02
6.272857538560000000e+11 1.772139129638671875e+02
6.302857297920000000e+11 1.792086639404296875e+02
6.345714565120000000e+11 1.813338470458984375e+02
6.377143009280000000e+11 1.833583679199218750e+02
6.417142906880000000e+11 1.854726562500000000e+02
6.467142942720000000e+11 1.876912841796875000e+02
6.514286264320000000e+11 1.898901519775390625e+02
6.558571560960000000e+11 1.920683593750000000e+02
6.587142635520000000e+11 1.940987854003906250e+02
6.600000143360000000e+11 1.959780426025390625e+02
6.617143050240000000e+11 1.979015960693359375e+02
6.600000143360000000e+11 1.994819946289062500e+02
6.632857272320000000e+11 2.015651702880859375e+02
6.712857067520000000e+11 2.041297760009765625e+02
6.795714232320000000e+11 2.067280578613281250e+02
6.995714375680000000e+11 2.105120391845703125e+02
7.124285521920000000e+11 2.135761260986328125e+02
7.232857702400000000e+11 2.164421234130859375e+02
7.342857256960000000e+11 2.193240203857421875e+02
7.444286013440000000e+11 2.221215515136718750e+02
7.637142732800000000e+11 2.258242492675781250e+02
7.964285992960000000e+11 2.308224182128906250e+02
8.840000307200000000e+11 2.408645782470703125e+02
9.450000220160000000e+11 2.481893310546875000e+02
9.720000020480000000e+11 2.524459075927734375e+02
9.954285977600000000e+11 2.563773498535156250e+02
1.013571452928000000e+12 2.598445434570312500e+02
1.031999979520000000e+12 2.633276672363281250e+02
1.044428619776000000e+12 2.662927856445312500e+02
1.061142921216000000e+12 2.696137695312500000e+02
1.094000050176000000e+12 2.742806701660156250e+02
1.111571431424000000e+12 2.776479492187500000e+02
1.126000099328000000e+12 2.807421875000000000e+02
1.143571480576000000e+12 2.840854187011718750e+02
1.154285830144000000e+12 2.868478698730468750e+02
1.157285675008000000e+12 2.879852294921875000e+02
